AO-07
1 07530U 74089B   18291.56080265 -.00000029  00000-0  10066-3 0  9994
2 07530 101.7046 257.1023 0012438  95.8232  20.5356 12.53634869 10057
UO-11
1 14781U 84021B   18291.20290665  .00000086  00000-0  16754-4 0  9998
2 14781  97.6382 322.0961 0009499  46.7607 313.4398 14.83037279862676
LO-19
1 20442U 90005G   18291.80875703  .00000002  00000-0  16995-4 0  9991
2 20442  98.6190 229.5868 0012386 141.1843 219.0233 14.32907405501594
HUBBLE
1 20580U 90037B   18290.66877366  .00000543  00000-0  22249-4 0  9998
2 20580 028.4706 025.3906 0002848 022.8705 091.0368 15.09113886363905
MET-2/21
1 22782U 93055A   18291.74264721 -.00000028  00000-0 -39216-4 0  9994
2 22782  82.5511 355.8780 0023218 138.0158 337.7976 13.83813914269261
AO-27
1 22825U 93061C   18291.85389245  .00000014  00000-0  23496-4 0  9996
2 22825  98.8776 270.2970 0008279 353.8955   6.2124 14.30042052307249
IO-26
1 22826U 93061D   18291.49229954  .00000009  00000-0  21221-4 0  9995
2 22826  98.8717 269.9506 0008625 343.6978  16.3925 14.30374063307388
FO-29
1 24278U 96046B   18291.49559298 -.00000021  00000-0  12559-4 0  9990
2 24278  98.5148 113.2564 0350822 150.8177 211.3074 13.53086535 94911
NOAA-15
1 25338U 98030A   18291.55430920  .00000025  00000-0  29421-4 0  9999
2 25338  98.7655 308.0441 0009728 225.0491 134.9900 14.25879485 62605
GO-32
1 25397U 98043D   18291.79777306 -.00000009  00000-0  15283-4 0  9990
2 25397  98.6594 230.2411 0002046  51.6595 308.4767 14.23653288 53314
ISS
1 25544U 98067A   18294.50917240  .00016717  00000-0  10270-3 0  9021
2 25544  51.6357 109.2219 0003872 314.9576  45.1262 15.53845320 18159
NO-44
1 26931U 01043C   18291.40667051 -.00000020  00000-0  24109-4 0  9992
2 26931  67.0502 271.4590 0007107 259.3430 100.6871 14.30520261890174
SO-50
1 27607U 02058C   18291.83999475  .00000013  00000-0  22661-4 0  9997
2 27607  64.5550  72.0444 0076267 302.8466  56.5309 14.75488823851201
CO-55
1 27844U 03031E   18290.94217942  .00000059  00000-0  46114-4 0  9994
2 27844 098.6878 297.7915 0010191 022.6288 337.5337 14.22138667793609
CO-57
1 27848U 03031J   18291.70993861  .00000047  00000-0  41020-4 0  9992
2 27848  98.6962 298.9854 0010241  30.8674 329.3104 14.21739768793618
RS-22
1 27939U 03042A   18291.84871014  .00000140  00000-0  33676-4 0  9997
2 27939  98.0078  67.9227 0014181 114.9018 245.3668 14.66724008804943
NOAA-18
1 28654U 05018A   18291.58299757 -.00000024  00000-0  11999-4 0  9992
2 28654  99.1329 329.4721 0015068 138.7392 221.4920 14.12387465691200
CO-58
1 28895U 05043F   18291.40527589  .00000151  00000-0  37724-4 0  9999
2 28895  97.9263  77.9978 0017669  43.7173 316.5425 14.63591869691904
Falconsat-3
1 30776U 07006E   18291.14849235  .00002983  00000-0  86974-4 0  9993
2 30776  35.4349 203.6743 0001666  49.4116 310.6755 15.35080561643220
CO-65
1 32785U 08021C   18291.83420400  .00000246  00000-0  32245-4 0  9990
2 32785  97.5476 298.1114 0012903 355.3803   4.7293 14.88191137567560
AAUSAT2
1 32788U 08021F   18291.55747857  .00000624  00000-0  62804-4 0  9994
2 32788  97.5148 312.8823 0010412 299.0673  60.9505 14.94483732568600
DO-64
1 32789U 08021G   18290.74693700  .00001426  00000-0  10085-3 0  9996
2 32789  97.4994 342.3854 0011172 234.3924 125.6263 15.06381618570232
CO-66
1 32791U 08021J   18291.51871934  .00000451  00000-0  51395-4 0  9999
2 32791  97.5335 303.4300 0012661 333.9910  26.0671 14.90650676567883
RS-30
1 32953U 08025A   18291.82407161  .00000020  00000-0  75656-4 0  9992
2 32953  82.4993 295.7883 0018245 302.2216  57.7094 12.43086158472134
PRISM
1 33493U 09002B   18291.74879970  .00000503  00000-0  50015-4 0  9998
2 33493  98.1192 198.5179 0014408 269.1832  90.7738 14.96366835528822
NOAA-19
1 33591U 09005A   18291.55316347  .00000032  00000-0  42789-4 0  9999
2 33591  99.1563 272.1100 0013752 344.7671  15.3084 14.12313288499588
TISAT-1
1 36799U 10035E   18291.07369080  .00000589  00000-0  65788-4 0  9997
2 36799  98.1239  70.6845 0012823 159.8261 200.3465 14.90908179448460
JUGNU
1 37839U 11058B   18291.47138882  .00000333  00000-0  35493-4 0  9994
2 37839  19.9627   9.6700 0018825 165.2979 295.2086 14.12631768362823
SRMSAT
1 37841U 11058D   18291.44366615  .00000308  00000-0  24436-4 0  9998
2 37841  19.9725  61.5823 0012002  44.6501   0.4272 14.10616909362304
AO-71
1 37854U 11061E   18290.88802647  .00001252  00000-0  72217-4 0  9992
2 37854 101.7065  58.7084 0162573  69.5174 292.3405 15.05821509380290
HRBE
1 37855U 11061F   18291.29682685  .00001603  00000-0  88567-4 0  9992
2 37855 101.7187  56.8183 0175397  77.8052 284.2744 15.04814252380168
ALMASAT-1
1 38078U 12006B   18291.29823284  .00028637  41121-5  21697-3 0  9992
2 38078  69.4353 234.3777 0218810 278.4550 241.3275 15.47439545359651
HORYU-2
1 38340U 12025D   18291.01430437  .00000190  00000-0  35901-4 0  9993
2 38340  98.3588 316.9054 0011719 174.1357 185.9990 14.75613576345228
RS-40
1 38735U 12041C   18291.46630399  .00000011  00000-0  47978-5 0  9997
2 38735  82.4806  19.7480 0017387  47.9610 312.2953 12.42577521282348
BEESAT-3
1 39135U 13015F   18290.85628666  .00001253  00000-0  73027-4 0  9992
2 39135  64.8668 104.9702 0010144 238.8789 121.1342 15.16936869303250
BEESAT-2
1 39136U 13015G   18291.85890182  .00001251  00000-0  74021-4 0  9991
2 39136  64.8681 104.8619 0010877 239.3280 120.6774 15.16397616303341
ZACUBE-1
1 39417U 13066B   18291.55330209  .00000230  00000-0  35189-4 0  9993
2 39417  97.5795 313.5532 0060506 110.5900 250.1818 14.80994901265051
TRITON-1
1 39427U 13066M   18291.22008897  .00000182  00000-0  37199-4 0  9992
2 39427  97.6518 279.0635 0112865 224.7373 134.4689 14.67728969262628
GOMX-1
1 39430U 13066Q   18291.74031977  .00000269  00000-0  58245-4 0  9999
2 39430  97.7116 259.8060 0150505 301.0533  57.5958 14.59143349261172
LO-74
1 39440U 13066AA  18291.61477609  .00000213  00000-0  36539-4 0  9993
2 39440  97.6007 299.5131 0081078 153.7191 206.8168 14.75734953264126
AO-73
1 39444U 13066AE  18291.07841624  .00000281  00000-0  40806-4 0  9996
2 39444  97.5796 314.7826 0059665 107.1447 253.6312 14.81790751263854
SPROUT
1 39770U 14029E   18291.74120792  .00000983  00000-0  11577-3 0  9999
2 39770  97.8788  31.8001 0009143 156.9931 203.1700 14.87018040238727
DUCHIFAT-1
1 40021U 14033M   18291.32573830  .00000566  00000-0  63838-4 0  9999
2 40021  97.9138 210.2532 0013918 128.1989 232.0484 14.90415819235297
NANOSATCBR1
1 40024U 14033Q   18291.76416198  .00000341  00000-0  41601-4 0  9998
2 40024  97.9061 208.6816 0013253 129.1778 231.0619 14.89664039235275
EO-79
1 40025U 14033R   18291.21159770  .00000278  00000-0  35670-4 0  9997
2 40025  97.9008 206.3282 0013385 135.5480 224.6813 14.88793663235095
DTUSAT-2
1 40030U 14033W   18291.74703970  .00000265  00000-0  34602-4 0  9998
2 40030  97.8947 205.3933 0012938 129.2288 231.0079 14.88396154235116
EO-80
1 40032U 14033Y   18291.20502791  .00000278  00000-0  36080-4 0  9995
2 40032  97.8954 204.8552 0012877 131.5436 228.6887 14.88334865235020
ANTELSAT
1 40034U 14033AA  18291.21351737  .00000208  00000-0  38347-4 0  9991
2 40034  97.7915 163.2323 0059114 160.3691 199.9813 14.73984137232809
VELOX-1
1 40057U 14034E   18291.83759038  .00000381  00000-0  61075-4 0  9997
2 40057  98.2140  45.0984 0009675 294.1362  65.8834 14.77510094231903
DAURIA DX 1
1 40071U 14037C   18291.84098620  .00000149  00000-0  26627-4 0  9996
2 40071  98.3940  68.8504 0007298 288.0665  71.9756 14.81199445231309
UKUBE-1
1 40074U 14037F   18291.89153108  .00000366  00000-0  51226-4 0  9991
2 40074  98.4043  75.5350 0003664 281.6015  78.4779 14.83882586231643
HODOYOSHI-1
1 40299U 14070B   18291.85489572  .00000760  00000-0  35180-4 0  9999
2 40299  97.3700  11.4068 0013207 169.4117 327.8885 15.23066616219306
CHUBUSAT-1
1 40300U 14070C   18291.78915228  .00000910  00000-0  43029-4 0  9994
2 40300  97.3521   6.7929 0019617 185.6071 290.5954 15.21753079219074
QSAT-EOS
1 40301U 14070D   18291.75319772  .00002222  00000-0  90708-4 0  9998
2 40301  97.3505   8.5797 0026389 173.3781 306.8834 15.25154934219253
FIREBIRD FU3
1 40377U 15003B   18290.76809970  .00001632  00000-0  69605-4 0  9998
2 40377  99.0821 216.8077 0129762 182.3117 177.7528 15.17720983204919
FIREBIRD FU4
1 40378U 15003C   18291.74520581  .00001628  00000-0  69335-4 0  9991
2 40378  99.0825 218.0427 0130033 178.9481 181.2047 15.17732193205064
GRIFEX
1 40379U 15003D   18291.75679616  .00001174  00000-0  54978-4 0  9990
2 40379  99.0828 213.5612 0137065 193.4670 166.2886 15.14709984204802
NO-84
1 40654U 15025D   18291.17827801  .00013773  00000-0  20747-3 0 04345
2 40654 054.9889 199.9047 0154683 063.4376 298.2185 15.42618949074813
NO-83
1 40655U 15025E   18291.11840214  .00034782  00000-0  30480-3 0 05117
2 40655 054.9711 127.8617 0097672 105.9739 255.2083 15.62517718075466
DEORBITSAIL
1 40719U 15032E   18291.52453825  .00000436  00000-0  69740-4 0  9990
2 40719  97.9293 182.9382 0017057  14.8094 345.3612 14.76539514176374
NUDT-PHONESAT
1 40900U 15049B   18291.69891472  .00002520  00000-0  11390-3 0  9995
2 40900  97.4419 298.5677 0012199 323.3821 148.6190 15.21817397170693
XW-2A
1 40903U 15049E   18291.73050506  .00002192  00000-0  55224-4 0  9998
2 40903  97.3726 327.7648 0012735 309.3483 188.2673 15.40961344172829
XW-2C
1 40906U 15049H   18291.82431825  .00000713  00000-0  41270-4 0  9991
2 40906  97.4635 293.0848 0014388 327.7484 128.1480 15.15357636170215
XW-2D
1 40907U 15049J   18291.83462072  .00000684  00000-0  39526-4 0  9999
2 40907  97.4612 292.7800 0013483 325.2845 155.8446 15.15520635170225
LILACSAT-2
1 40908U 15049K   18291.91655801  .00000520  00000-0  32545-4 0  9996
2 40908  97.4728 292.0557 0015061 327.3685  93.0152 15.13613399170084
XW-2E
1 40909U 15049L   18291.72308716  .00001317  00000-0  69389-4 0  9997
2 40909  97.4586 294.9248 0013088 323.8180 124.1721 15.17280191170344
XW-2F
1 40910U 15049M   18291.73659810  .00001382  00000-0  73641-4 0  9992
2 40910  97.4616 294.2235 0013899 319.9805  94.8736 15.16797676170180
XW-2B
1 40911U 15049N   18291.72410707  .00000782  00000-0  44804-4 0  9994
2 40911  97.4641 293.2526 0013318 326.0688 151.3151 15.15461186170100
DCBB
1 40912U 15049P   18291.74796510  .00001500  00000-0  74741-4 0  9998
2 40912  97.4524 297.3597 0013758 304.3053 172.7905 15.19048579170427
TW-1C
1 40926U 15051B   18291.83004998  .00010587  00000-0  18321-3 0  9994
2 40926  97.1713 333.6603 0009684 175.0488 240.3777 15.51065605172469
TW-1A
1 40928U 15051D   18291.85472222  .00002958  00000-0  77715-4 0  9993
2 40928  97.1751 323.3697 0010153 228.0516 125.3635 15.39353561171793
IO-86
1 40931U 15052B   18291.66462389  .00000719  00000-0  10975-4 0  9998
2 40931   5.9987 349.6394 0013599 317.5661  42.3753 14.76587920165286
LQSat
1 40958U 15057A   18291.86184176  .00000016  00000-0  10235-4 0  9998
2 40958  97.9295   2.2125 0017081 302.9779  56.9773 14.73052414163058
AO-85
1 40967U 15058D   18291.33051618  .00000176  00000-0  35953-4 0 04812
2 40967 064.7779 177.3879 0213614 276.5697 081.1132 14.75801154071829
ATHENOXAT-1
1 41168U 15077C   18290.08162037  .00002343  00000-0  90888-4 0  9996
2 41168  14.9892 207.9592 0012027 293.3964 260.5478 15.13061948156863
ChubuSat-2
1 41338U 16012B   18291.22068644  .00000386  00000-0  23406-4 0  9998
2 41338  31.0030 251.9266 0013924 211.7844 148.1951 15.00041381146323
ChubuSat-3
1 41339U 16012C   18291.21925016  .00000365  00000-0  21620-4 0  9996
2 41339  31.0116 250.3575 0013901 219.5977 140.3647 15.00224238146312
Horyu-4
1 41340U 16012D   18291.20942018  .00000573  00000-0  36935-4 0  9994
2 41340  31.0049 244.0693 0014143 233.2190 126.7148 15.01083246146394
OUFTI-1
1 41458U 16025C   18291.71555734  .00002039  00000-0  10774-3 0  9990
2 41458  98.1244   1.1123 0170669  93.5637 268.5108 15.05067276136023
e-st@r-II
1 41459U 16025D   18291.74570173  .00002759  00000-0  14547-3 0  9999
2 41459  98.1241   0.9306 0170764  94.2845 267.7901 15.04765638136002
AAUSAT4
1 41460U 16025E   18291.73368402  .00003389  00000-0  17512-3 0  9995
2 41460  98.1184   1.6336 0161744  89.4171 272.5579 15.06356966136082
LO-87
1 41557U 16033B   18291.72381849  .00000809  00000-0  33234-4 0  9994
2 41557  97.4325  15.5550 0014603  76.4444 283.8420 15.27030019133011
NuSat2
1 41558U 16033C   18291.78709553  .00001514  00000-0  57250-4 0  9995
2 41558  97.4344  15.9176 0014793  80.6773 279.6139 15.28463659133025
Lapan A3
1 41603U 16040E   18291.87695958  .00000182  00000-0  11725-4 0  9994
2 41603  97.3973 351.0566 0013885 161.6583 318.1768 15.19620687128869
Swayam
1 41607U 16040J   18291.82086867  .00001707  00000-0  76314-4 0  9995
2 41607  97.4000 353.0220 0014297 158.5298 201.6541 15.22595102128918
Pratham
1 41783U 16059A   18291.72961934  .00000046  00000-0  18171-4 0  9998
2 41783  98.1040 351.2037 0034784  68.7285 291.7626 14.62949421110029
AlSat 1N
1 41789U 16059G   18291.71948992  .00000107  00000-0  29339-4 0  9998
2 41789  98.1058 352.6728 0029509  60.3521 300.0610 14.64187594110097
ScatSat
1 41790U 16059H   18291.75998784  .00000008  00000-0  13208-4 0  9996
2 41790  98.2461 337.2171 0019508  73.5670 286.7667 14.50876915109107
TY-1
1 41844U 16066D   18291.89392632  .00001953  00000-0  84351-4 0  9996
2 41844  97.4076 297.2517 0014509 328.1697 160.0118 15.23616135107710
Pegasus-1
1 41846U 16066F   18290.63330424  .00000254  00000-0  50001-4 0  9998
2 41846 098.7447 321.5493 0367049 243.4018 112.9125 14.37421660101492
CAS-2T
1 41847U 16066G   18291.55531821  .00000056  00000-0  19804-4 0  9991
2 41847  98.7400 322.9792 0365200 237.8326 118.6951 14.37929609102054
TO-89
1 41932U 98067KU  18291.42677798  .00080285  00000-0  28405-3 0  9995
2 41932  51.6282  61.2213 0004993 318.9693  41.0935 15.88322592100260
AOBA-V3LOX3
1 41935U 98067KX  18291.78566128  .00373839  77287-4  46140-3 0  9992
2 41935  51.6266  47.6706 0008723 331.2496  28.8035 16.07215530100577
EO-88
1 42017U 17008BX  18290.76301349  .00001654  00000-0  69572-4 0  9992
2 42017  97.4358 355.0319 0005129 320.4378  39.6485 15.24807040 92740
HAVELSAT
1 42700U 98067LH  18291.69505671  .00055778  00000-0  29472-3 0  9992
2 42700  51.6291  79.6701 0003337 342.8978  17.1910 15.80042620 81484
SOMP2
1 42701U 98067LJ  18291.84896570  .00045433  00000-0  26241-3 0  9999
2 42701  51.6337  81.4999 0003196 329.2320  30.8493 15.78157476 81468
PHOENIX
1 42706U 98067LP  18291.64699145  .00031074  00000-0  20778-3 0  9996
2 42706  51.6320  84.6780 0001744 285.9472  74.1335 15.75016984 81327
X-CubeSat
1 42707U 98067LQ  18291.66463502  .00062108  00000-0  30340-3 0  9993
2 42707  51.6297  78.6200 0002995 298.8386  61.2315 15.81708640 81393
qbee
1 42708U 98067LR  18291.77233314  .00054583  00000-0  29384-3 0  9996
2 42708  51.6296  80.2005 0001939 298.3913  61.6893 15.79645062 81348
ZA-AeroSat
1 42713U 98067LU  18291.66099427  .00030286  00000-0  21632-3 0  9997
2 42713  51.6321  88.5155 0002477 275.0640  85.0076 15.73494018 80931
LINK
1 42714U 98067LV  18265.92001965  .06744984  12188-4  74906-3 0  9997
2 42714 051.6396 192.6696 0007557 179.7176 180.2695 16.36256502077350
UPSat
1 42716U 98067LX  18291.83560640  .00202617  27597-4  45902-3 0  9998
2 42716  51.6254  66.8688 0006757 320.9580  39.0940 15.97104015 81365
SpaceCube
1 42717U 98067LY  18291.68307433  .00051394  00000-0  27890-3 0  9997
2 42717  51.6250  81.0353 0002656 332.1546  27.9312 15.79491464 80401
Hoopoe
1 42718U 98067LZ  18291.63679638  .00099021  00000-0  37687-3 0  9996
2 42718  51.6264  74.6571 0003958 314.3951  45.6729 15.86768424 80483
NJUST-1
1 42722U 98067MB  18291.81044990  .00028084  00000-0  21396-3 0  9999
2 42722  51.6338  90.3083 0004310 333.7054  26.3725 15.72008511 79990
UNSW-EC0
1 42723U 98067MC  18291.64315420  .00131291  17422-4  42983-3 0  9990
2 42723  51.6364  73.3199 0005782 321.1222  38.9367 15.90354654 80187
LO-90
1 42725U 98067ME  18291.86229566  .00049572  00000-0  30277-3 0  9994
2 42725  51.6374  84.3637 0002919 333.7677 142.4967 15.76861723 79988
nSIGHT1
1 42726U 98067MF  18291.74757154  .00012103  00000-0  13140-3 0  9991
2 42726  51.6375 103.5323 0004449 337.3141  22.7657 15.63947955 79728
SNUSAT 1B
1 42727U 98067MG  18291.85671328  .00040156  00000-0  24773-3 0  9995
2 42727  51.6313  84.4939 0005467 302.8224  57.2249 15.76716121 79948
QBITO
1 42728U 98067MH  18291.67004264  .00053146  00000-0  27804-3 0  9996
2 42728  51.6339  81.1185 0002789 316.0854  43.9925 15.80282369 79810
Aalto-2
1 42729U 98067MJ  18291.67619063  .00059826  00000-0  29944-3 0  9994
2 42729  51.6282  80.2830 0002860 316.0316  44.0458 15.81198435 79834
SUSat
1 42730U 98067MK  18291.65062093  .00045162  00000-0  26650-3 0  9998
2 42730  51.6336  83.9155 0002383 321.7754  38.3077 15.77681302 79776
i-INSPIRE II
1 42731U 98067ML  18291.63005556  .00141711  18670-4  41961-3 0  9993
2 42731  51.6316  71.5943 0006866 303.3381  56.6968 15.92251895 79987
PolyITAN-2-SAU
1 42732U 98067MM  18291.81766733  .00065136  00000-0  32375-3 0  9994
2 42732  51.6310  78.9576 0005466 292.5154  67.5269 15.81301508 79909
ExAlta-1
1 42734U 98067MP  18291.61781678  .00200377  27015-4  47818-3 0  9994
2 42734  51.6216  69.8397 0007826 316.4818  43.5572 15.96146329 79951
Aoxiang-1
1 42735U 98067MQ  18291.75878822  .00032753  00000-0  24256-3 0  9991
2 42735  51.6353  89.7328 0004432 335.3731 112.2758 15.72593145 81121
BeEagleSat
1 42736U 98067MR  18291.70857107  .00036499  00000-0  23954-3 0  9995
2 42736  51.6320  86.5537 0004508 326.9133  33.1584 15.75354518 79856
CAS-4B
1 42759U 17034B   18291.75011339  .00000250  00000-0  28884-4 0  9993
2 42759  43.0190 124.8793 0009231 166.5796 251.2121 15.09397451 74127
CAS-4A
1 42761U 17034D   18291.86407035  .00000325  00000-0  33474-4 0  9994
2 42761  43.0184 123.9465 0009625 168.7981 282.3828 15.09474378 74130
UCLSat
1 42765U 17036A   18291.74463185  .00001334  00000-0  61127-4 0  9992
2 42765  97.3873 349.5275 0011883  11.8003 348.3509 15.22148848 73502
NIUSat
1 42766U 17036B   18291.78968707  .00001083  00000-0  52360-4 0  9997
2 42766  97.3871 348.5731 0015681 357.8884   2.2283 15.20636981 73319
LituanicaSAT 2
1 42768U 17036D   18291.83376142  .00002061  00000-0  93481-4 0  9997
2 42768  97.3895 349.1729 0015257 359.5165   0.6054 15.21852750 73369
Aalto 1
1 42775U 17036L   18291.13555261  .00000865  00000-0  42095-4 0  9994
2 42775  97.3864 348.1935 0014058   1.2163 358.9104 15.20948370 73186
URSA MAIOR
1 42776U 17036M   18291.11503777  .00000917  00000-0  44319-4 0  9997
2 42776  97.3871 348.2519 0013883   1.4537 358.6737 15.21045418 73187
Max Valier Sat
1 42778U 17036P   18290.90722553  .00001052  00000-0  49699-4 0  9997
2 42778 097.3899 348.5062 0012554 007.7897 352.3532 15.21552384073164
Pegasus
1 42784U 17036V   18290.81179440  .00001258  00000-0  58140-4 0  9994
2 42784  97.3876 348.5057 0012537  14.6635 345.4963 15.21942181 73167
NUDATSat
1 42787U 17036Y   18291.53336872  .00002231  00000-0  98723-4 0  9994
2 42787  97.3893 349.5472 0012679  10.3140 349.8354 15.22648207 73134
SUCHAI 1
1 42788U 17036Z   18291.40296249  .00001512  00000-0  68668-4 0  9990
2 42788  97.3877 349.2410 0012046  12.6614 347.4922 15.22260666 73331
SKCUBE
1 42789U 17036AA  18290.74886183  .00001385  00000-0  63254-4 0  9993
2 42789 097.3876 348.5805 0011966 014.9963 345.1626 15.22199605073153
VZLUSAT 1
1 42790U 17036AB  18290.86414249  .00001726  00000-0  77040-4 0  9995
2 42790 097.3885 348.8951 0011523 014.9520 345.2055 15.22656656073182
VENTA 1
1 42791U 17036AC  18290.85841707  .00001339  00000-0  61180-4 0  9996
2 42791 097.3874 348.7345 0011617 015.4504 344.7084 15.22234550073168
Robusta 1B
1 42792U 17036AD  18290.90266815  .00001412  00000-0  64138-4 0  9992
2 42792 097.3875 348.8201 0011527 015.6623 344.4968 15.22357628073199
D-SAT
1 42794U 17036AF  18291.13205581  .00000172  00000-0  20629-4 0  9992
2 42794  97.5774 341.0517 0125690 232.6144 126.3578 14.90946837 72049
BIRD-J
1 42820U 98067MU  18291.72966980  .00035376  00000-0  24440-3 0  9995
2 42820  51.6315  89.7132 0003115 267.9806  92.0836 15.74187686 73277
BIRD-G
1 42821U 98067MV  18291.71025613  .00031543  00000-0  22792-3 0  9994
2 42821  51.6321  91.0936 0002892 271.7422  88.3246 15.73199356 73236
BIRD-M
1 42822U 98067MW  18291.85495325  .00032754  00000-0  23137-3 0  9990
2 42822  51.6319  89.8122 0003040 271.8746  88.1904 15.73709698 73260
BIRD-B
1 42823U 98067MX  18291.71222109  .00033690  00000-0  23558-3 0  9991
2 42823  51.6335  90.3838 0004455 289.5742  70.4776 15.73926335 73241
BIRD-N
1 42824U 98067MY  18291.69433069  .00032175  00000-0  22894-3 0  9997
2 42824  51.6331  91.0392 0004481 291.6655  68.3866 15.73542724 73227
TechnoSat
1 42829U 17042E   18291.86014379  .00000271  00000-0  32859-4 0  9999
2 42829  97.5835 189.4668 0015046 143.1865 217.0390 14.90874409 68754
TOMSK-TPU 120
1 42910U 98067MZ  18291.74611524  .00023725  00000-0  21006-3 0  9998
2 42910  51.6356  98.6514 0004093 310.3533 144.5081 15.68483322 66749
TANYUSHA 1
1 42911U 98067NA  18291.75138553  .00030905  00000-0  25206-3 0  9990
2 42911  51.6366  96.4687 0003931 306.7237 150.5359 15.70323511 66750
TANYUSHA 2
1 42912U 98067NB  18291.76443287  .00028089  00000-0  23854-3 0  9992
2 42912  51.6387  97.8508 0003592 319.4198 240.5785 15.69399481 66751
SFERA 2
1 42913U 98067NC  18291.85947767  .00139012  00000-0  45489-3 0  9992
2 42913  51.6305  78.4188 0005595 313.5741  46.4799 15.89661078 66984
TNS 0-2
1 42914U 98067ND  18291.85342366  .00021530  00000-0  19259-3 0  9998
2 42914  51.6340  98.8854 0004101 312.0145  48.0502 15.68297687 66746
QIKCOM-1
1 42983U 98067NF  18291.78947487  .00003420  00000-0  53062-4 0  9990
2 42983  51.6384 118.0741 0003628 300.6635  59.3999 15.57077077 55470
AO-91
1 43017U 17073E   18290.80572896  .00000454  00000-0  41659-4 0  9990
2 43017  97.7107 216.8532 0257985 232.2785 125.4793 14.78243149 49221
EcAMSat
1 43019U 98067NG  18291.78344372  .00005542  00000-0  78077-4 0  9995
2 43019  51.6396 116.5461 0004339 272.0464  88.0031 15.58346933137814
PICSAT
1 43132U 18004X   18291.25210460  .00001478  00000-0  65944-4 0  9999
2 43132  97.5210 354.1936 0010720  36.3631 323.8331 15.22948900 42449
AO-92
1 43137U 18004AC  18291.17114048  .00001086  00000-0  49252-4 0  9999
2 43137  97.5206 354.1363 0010362  38.4246 321.7727 15.22964372 42425
TianYi 2
1 43155U 18008A   18291.89847441  .00000964  00000-0  61737-4 0  9998
2 43155  97.5140   4.2205 0019417  80.6139  31.3656 15.10754080 41165
Zhou Enlai
1 43156U 18008B   18291.86370068  .00000992  00000-0  64409-4 0  9992
2 43156  97.5185   4.1250 0016701  79.4731  31.4668 15.10231587 41145
TianYi 6
1 43158U 18008D   18291.78617249  .00000610  00000-0  41429-4 0  9994
2 43158  97.5141   3.7907 0015301  74.4095  49.9470 15.09908241 41103
S-Net G
1 43186U 18014G   18291.72146702 -.00000255  00000-0 -17299-4 0  9992
2 43186  97.7163 198.5496 0012490  96.8076 263.4567 14.96518865 38794
S-Net H
1 43187U 18014H   18291.72131639 -.00000254  00000-0 -17224-4 0  9993
2 43187  97.7161 198.5436 0012487  96.7776 263.4867 14.96519971 38791
S-Net J
1 43188U 18014J   18291.78804192 -.00000269  00000-0 -18541-4 0  9990
2 43188  97.7164 198.6182 0012490  96.6489 263.6154 14.96520571 38809
S-Net K
1 43189U 18014K   18291.72137513 -.00000265  00000-0 -18197-4 0  9994
2 43189  97.7160 198.5425 0012479  96.7377 263.5264 14.96519401 37348
FMN 1
1 43192U 18015A   18291.22676673  .00002737  00000-0  11791-3 0  9995
2 43192  97.3714  57.7350 0018286  72.3251 287.9979 15.23287127 39241
Shaonian Xing
1 43199U 18015H   18291.53650422  .00002076  00000-0  88104-4 0  9999
2 43199  97.3502  57.6305 0019193  83.1126 277.2293 15.24045643 39327
1KUNS-PF
1 43466U 98067NP  18291.79923199  .00013120  00000-0  17528-3 0  9996
2 43466  51.6387 119.6374 0000798 180.9156 179.1835 15.58414087 24957
UBAKUSAT
1 43467U 98067NQ  18291.76623447  .00008570  00000-0  12033-3 0  9996
2 43467  51.6386 120.1701 0002593 219.2681 140.8123 15.57611746 24957
Irazu
1 43468U 98067NR  18290.80698649  .00015570  00000-0  20207-3 0  9997
2 43468  51.6386 124.2612 0000983 169.1567 190.9447 15.59023290124792
EnduroSat One
1 43551U 98067NZ  18291.83120242  .00009685  00000-0  14017-3 0  9995
2 43551  51.6381 121.3423 0005710 314.7200  45.3326 15.56603264 15175
EQUISat
1 43552U 98067PA  18291.00186601  .00008591  00000-0  12622-3 0  9991
2 43552  51.6383 125.5549 0005945 312.3207  47.7280 15.56363858 15003
UiTMSat 1
1 43589U 98067PD  18291.48933160  .00009748  00000-0  14439-3 0  9996
2 43589  51.6380 123.5569 0005303 324.1517  35.9118 15.55960409 10810
Maya 1
1 43590U 98067PE  18290.84583041  .00009305  00000-0  13807-3 0  9993
2 43590  51.6381 126.7598 0005363 322.6414  37.4204 15.55974486 10649
Bhutan 1
1 43591U 98067PF  18291.55061655  .00009911  00000-0  14631-3 0  9994
2 43591  51.6380 123.2168 0005469 326.6723  33.3924 15.56029588 10759
SiriusSat 1
1 43595U 98067PG  18291.82772995  .00009497  00000-0  14285-3 0  9998
2 43595  51.6382 122.0629 0003189 269.3887  90.6739 15.55578258  9979
SiriusSat 2
1 43596U 98067PH  18291.83346973  .00009149  00000-0  13861-3 0  9996
2 43596  51.6392 122.1077 0003809 274.4251  85.6305 15.55429465  9978
Tanusha-3
1 43597U 98067PJ  18291.82926561  .00011093  00000-0  16515-3 0  9993
2 43597  51.6371 122.0679 0003171 287.2109  72.8535 15.55659867  9973
SurfSat
1 43614U 18070B   18291.87054681  .00003160  00000-0  89033-4 0  9991
2 43614  93.0272 263.2955 0017050 151.5448 208.6740 15.36353904  5119
CP-7 DAVE
1 43615U 18070C   18290.89332380  .00003293  00000-0  92793-4 0  9992
2 43615  93.0261 262.8923 0016743 154.8593 205.3479 15.36355145  4967
ELFIN-B
1 43616U 18070D   18291.60844183 -.00000006  00000-0  00000 0 0  9997
2 43616  93.0273 263.1674 0017399 152.4740 207.7541 15.36425348  5076
ELFIN-A
1 43617U 18070E   18291.21712445 -.00000006  00000-0  00000 0 0  9990
2 43617  93.0319 263.0417 0018360 154.3328 205.9069 15.36459279  5013
STARS-Me Mother
1 43640U 98067PQ  18288.71623880  .00008309  00000-0  13013-3 0  9990
2 43640  51.6386 138.0272 0005333 251.1479 108.8216 15.54652138  1416
